Chart_ID|Amount_of_Notes|Amount_of_LongNotes|Amount_of_Rolls|Amount_of_Mines
1|175|0|0|0
2|160|14|0|0
3|226|28|0|0
4|377|27|0|0
5|496|33|0|0
6|457|28|0|0
7|155|15|0|4
8|311|44|1|13
9|353|40|33|13
10|530|43|24|13
11|570|49|29|11
12|509|46|6|64
13|162|54|0|0
14|227|24|0|0
15|433|57|0|0
16|625|48|2|28
17|699|45|0|42
18|694|58|4|21
19|929|88|2|24
20|719|66|7|20
21|494|57|0|2
22|350|20|0|0
23|130|17|0|0
24|770|89|3|0
25|817|15|1|38
26|206|32|0|0
27|483|26|0|23
28|337|15|2|0
29|104|0|0|0
30|797|16|1|4
31|527|33|2|8
32|329|36|4|0
33|172|28|1|0
34|109|10|0|0
35|57|0|0|0
36|449|61|1|2
37|112|42|1|0
38|179|42|1|0
39|313|57|7|0
40|453|40|6|0
41|601|28|2|0
42|585|15|2|0
43|660|100|0|12
44|509|88|0|0
45|407|44|0|0
46|254|33|0|0
47|99|18|0|0
48|625|20|6|48
49|499|84|1|0
50|747|82|0|0
51|1080|69|0|0
52|1186|75|0|0
53|1595|41|0|0
54|1750|24|0|0
55|92|0|0|0
56|248|18|0|0
57|390|7|0|0
58|566|6|0|0
59|757|14|0|0
60|633|72|0|13
61|429|49|0|20
62|256|51|1|4
63|197|23|0|0
64|89|34|0|6
65|24|6|0|0
66|477|13|0|32
67|149|39|0|28
68|187|36|1|28
69|382|75|20|17
70|600|82|17|21
71|617|89|17|24
72|586|149|0|13
73|488|93|4|8
74|352|72|0|0
75|238|55|0|0
76|112|43|0|0
77|54|20|0|0
78|463|82|0|0
79|104|8|0|0
80|215|34|0|0
81|352|69|3|0
82|502|73|8|0
83|695|78|2|18
84|759|47|0|2
85|137|19|0|0
86|196|54|0|13
87|392|73|3|0
88|758|70|4|0
89|915|80|1|0
90|968|2|2|24
91|1149|48|5|0
92|1440|49|5|0
93|1918|32|2|0
94|2313|22|0|0
95|2778|19|0|0
96|2833|3|0|1
97|2479|4|0|1
98|2212|20|2|1
99|1823|44|2|1
100|273|90|14|6
101|402|92|16|9
102|702|135|0|10
103|166|9|0|0
104|295|4|0|0
105|486|24|0|0
106|749|58|1|2
107|247|26|2|0
108|156|34|0|0
109|783|31|2|13
110|486|21|0|0
111|305|11|0|0
112|180|6|0|0
113|85|0|0|0
114|760|43|0|17
115|571|90|6|0
116|394|14|0|0
117|188|28|0|0
118|540|28|0|0
119|746|24|3|0
120|718|18|10|34
121|548|31|3|0
122|320|10|0|0
123|165|11|0|0
124|233|19|0|0
125|127|54|0|0
126|80|9|0|0
127|469|62|0|0
128|297|61|0|0
129|237|16|0|0
130|162|12|0|0
131|57|0|0|0
132|390|87|0|22
133|661|28|0|12
134|447|47|0|0
135|243|32|0|0
136|119|5|0|0
137|48|7|0|0
138|586|59|0|0
139|143|25|1|39
140|232|16|1|38
141|374|43|3|44
142|594|15|2|29
143|711|23|8|67
144|149|6|0|0
145|202|17|0|0
146|338|11|0|24
147|613|32|3|45
148|168|48|2|86
149|240|42|2|86
150|504|8|2|41
151|577|44|5|16
152|829|60|4|83
153|181|17|0|0
154|450|9|0|28
155|664|5|3|3
156|813|66|3|165
157|89|2|0|0
158|213|10|0|0
159|362|26|0|15
160|513|27|11|13
161|698|58|24|96
162|714|40|5|50
163|813|13|6|11
164|678|19|10|2
165|320|45|0|0
166|185|23|0|0
167|116|6|0|0
168|749|53|5|7
169|772|108|12|45
170|589|196|0|69
171|655|116|0|0
172|461|103|0|0
173|224|48|0|0
174|212|7|0|0
175|50|4|0|0
176|137|9|0|0
177|300|45|0|0
178|476|75|4|3
179|729|71|12|48
180|567|29|13|12
181|363|48|0|3
182|157|77|0|0
183|123|31|0|0
184|664|58|4|19
185|397|31|15|2
186|515|114|5|2
187|210|53|0|0
188|625|87|8|13
189|722|9|1|0
190|648|79|2|33
191|84|0|0|0
192|381|133|0|0
193|217|11|0|0
194|358|9|0|0
195|1555|87|8|19
196|1375|83|4|24
197|541|41|4|8
198|393|29|9|8
199|745|60|0|0
200|607|37|5|4
201|445|10|4|0
202|305|9|0|0
203|258|51|0|0
204|539|62|14|35
205|438|73|29|2
206|141|32|0|0
207|218|24|3|0
208|336|40|6|0
209|495|44|4|19
210|461|9|7|35
211|339|4|8|0
212|221|6|0|0
213|203|5|0|0
214|354|16|0|0
215|491|23|0|0
216|666|56|0|0
217|837|13|22|33
218|549|35|0|0
219|684|40|0|0
220|782|21|0|0
221|1062|70|22|0
222|198|6|0|0
223|266|28|0|0
224|415|6|16|44
225|529|13|16|14
226|752|73|16|44
227|135|10|0|0
228|273|17|0|0
229|500|33|0|0
230|681|63|0|26
231|797|91|0|38
232|144|11|0|0
233|295|17|0|0
234|535|40|0|0
235|778|58|0|18
236|932|50|1|34
237|100|20|0|0
238|233|5|0|0
239|447|5|0|0
240|692|44|0|0
241|828|36|0|3
242|144|27|0|0
243|306|32|0|0
244|582|25|0|0
245|753|45|0|8
246|940|76|0|24
247|94|4|0|0
248|220|55|0|0
249|327|64|0|0
250|468|78|0|0
251|673|100|0|8
252|119|5|0|0
253|236|3|0|0
254|422|4|0|0
255|542|50|0|10
256|548|72|52|11
257|573|72|52|30
258|100|3|0|0
259|231|7|0|0
260|410|4|0|0
261|450|20|0|0
262|536|60|0|42
263|121|7|0|0
264|313|8|0|0
265|400|9|0|0
266|530|27|0|0
267|590|52|0|0
268|78|6|0|0
269|163|2|0|0
270|339|1|0|0
271|613|5|0|0
272|647|43|0|6
273|87|3|0|0
274|180|5|0|0
275|339|27|0|0
276|370|34|0|130
277|434|91|0|130
278|118|24|0|0
279|269|21|0|0
280|555|25|0|0
281|736|54|0|39
282|980|68|0|21
283|95|0|0|0
284|315|9|0|0
285|522|18|0|0
286|710|47|0|0
287|779|84|2|0
288|114|6|0|0
289|254|2|0|0
290|481|8|0|0
291|659|25|0|21
292|770|44|0|29
293|62|15|0|0
294|248|10|1|0
295|427|19|1|26
296|586|35|0|94
297|684|52|0|115
298|125|3|0|0
299|223|6|0|0
300|412|11|0|47
301|588|32|4|43
302|595|75|0|34
303|647|57|0|50
304|105|23|0|0
305|207|23|0|0
306|464|18|0|0
307|715|18|0|42
308|771|36|21|46
309|99|8|0|0
310|232|4|0|0
311|385|26|0|0
312|501|46|0|0
313|526|94|7|10
314|149|5|0|0
315|303|15|0|0
316|607|21|0|0
317|720|50|0|0
318|864|63|1|0
319|174|2|0|0
320|389|17|0|0
321|719|60|0|33
322|845|66|0|22
323|897|81|0|26
324|133|8|0|0
325|286|10|0|0
326|467|55|0|0
327|752|55|0|35
328|997|94|0|48
329|136|4|0|0
330|289|7|0|0
331|546|16|0|0
332|726|9|1|4
333|781|69|1|14
334|104|12|0|0
335|222|28|0|0
336|342|55|0|0
337|431|67|0|0
338|554|79|0|43
339|145|2|0|0
340|295|6|0|0
341|537|38|0|68
342|795|56|0|12
343|969|54|0|4
344|96|12|0|0
345|194|11|0|0
346|310|76|0|0
347|591|58|0|0
348|581|124|0|40
349|161|3|0|0
350|321|6|0|0
351|561|5|0|38
352|714|101|0|59
353|795|120|0|39
354|97|0|0|0
355|187|1|0|0
356|383|4|0|0
357|546|12|0|31
358|671|43|0|24
359|674|42|0|28
360|77|24|0|0
361|181|44|0|0
362|324|62|0|0
363|382|86|0|0
364|532|121|0|22
365|80|5|0|0
366|171|8|0|0
367|531|33|0|24
368|690|107|0|7
369|682|117|1|2
370|100|11|0|0
371|205|10|0|0
372|330|28|0|0
373|446|33|0|0
374|475|45|0|18
375|131|12|0|0
376|258|17|0|0
377|627|47|0|22
378|791|55|0|33
379|1013|78|0|47
380|78|20|0|0
381|176|43|0|0
382|344|56|0|0
383|444|93|0|4
384|588|78|0|35
385|576|124|0|7
386|113|24|0|0
387|233|26|0|0
388|477|14|0|0
389|663|0|0|0
390|716|117|0|44
391|101|0|0|0
392|399|12|1|0
393|593|11|2|0
394|750|16|0|0
395|773|16|0|0
396|972|9|0|0
397|170|8|0|0
398|298|29|0|0
399|526|45|0|0
400|816|78|5|28
401|969|94|6|9
402|99|7|0|0
403|202|9|0|0
404|403|15|1|0
405|734|28|0|43
406|812|74|2|3
407|872|68|2|52
408|106|4|0|0
409|132|39|0|0
410|270|50|0|0
411|393|59|0|20
412|475|105|3|37
413|491|89|3|36
414|59|47|0|0
415|224|60|0|0
416|346|123|0|0
417|456|123|0|0
418|560|159|0|16
419|560|159|0|16
420|82|18|0|0
421|237|25|0|0
422|363|30|0|0
423|575|36|0|0
424|616|135|0|82
425|616|135|0|81
426|191|9|0|0
427|425|45|0|0
428|581|78|0|44
429|795|99|1|58
430|817|115|2|77
431|109|3|0|0
432|234|13|0|0
433|425|29|0|0
434|463|73|0|85
435|568|85|0|105
436|127|11|0|0
437|264|14|0|0
438|466|33|0|51
439|566|58|6|27
440|674|104|2|93
441|93|1|0|0
442|167|1|0|0
443|381|9|0|0
444|615|4|0|0
445|689|45|0|0
446|797|31|0|0
447|121|4|0|0
448|233|8|0|0
449|721|17|0|77
450|891|32|0|26
451|996|37|0|24
452|1138|37|0|24
453|114|0|0|0
454|260|3|0|0
455|459|16|0|0
456|869|43|0|0
457|937|45|0|0
458|201|7|0|0
459|434|16|0|0
460|759|95|7|1
461|900|92|16|4
462|1063|70|17|4
463|129|9|0|0
464|280|12|0|0
465|530|31|0|36
466|666|53|4|1
467|834|87|5|0
468|116|5|0|0
469|288|7|0|1
470|560|50|0|9
471|654|74|0|24
472|838|44|2|62
473|745|111|2|5
474|67|59|0|0
475|156|65|0|0
476|441|44|0|0
477|705|43|0|2
478|843|60|0|22
479|863|40|0|24
480|116|3|0|0
481|269|4|0|0
482|470|32|0|0
483|515|97|0|0
484|682|100|0|8
485|93|3|0|0
486|194|4|0|0
487|268|90|0|0
488|323|93|0|0
489|408|95|0|0
490|856|31|0|0
491|110|18|0|0
492|445|69|0|8
493|671|90|0|48
494|949|86|0|31
495|1128|80|0|22
496|103|12|0|0
497|236|0|0|0
498|373|27|0|0
499|668|27|0|46
500|870|33|0|89
501|128|15|0|0
502|298|9|0|0
503|550|33|0|0
504|701|91|0|0
505|826|154|0|0
506|826|62|0|0
507|123|0|0|0
508|290|0|0|0
509|403|112|0|0
510|577|102|0|26
511|775|90|0|54
512|777|85|0|109
513|104|2|0|0
514|228|5|0|0
515|568|16|0|75
516|708|12|0|56
517|817|16|0|30
518|85|0|0|0
519|303|3|0|0
520|449|63|0|0
521|491|80|0|0
522|739|111|0|47
523|819|108|0|27
524|160|0|0|0
525|347|0|0|0
526|646|44|0|66
527|806|49|0|61
528|970|105|0|45
529|1272|52|0|0
530|154|6|0|0
531|499|67|0|0
532|491|138|1|2
533|704|101|1|45
534|760|128|3|67
535|64|0|0|0
536|196|0|0|0
537|342|0|0|0
538|469|2|0|0
539|518|90|0|0
540|886|26|0|0
541|96|1|0|0
542|357|1|0|0
543|423|1|0|0
544|544|51|0|12
545|677|43|0|77
546|1071|28|0|12
547|159|1|0|0
548|344|2|0|0
549|612|17|2|28
550|747|32|0|34
551|861|52|3|46
552|141|0|0|0
553|483|20|0|0
554|618|23|0|0
555|759|44|0|0
556|844|29|0|0
557|141|1|0|0
558|289|1|0|0
559|464|34|0|0
560|612|25|0|0
561|744|72|0|78
562|120|0|0|0
563|271|0|0|0
564|568|3|0|72
565|676|11|0|46
566|943|18|0|8
567|159|2|0|0
568|329|2|0|0
569|588|50|0|12
570|710|53|0|56
571|870|69|0|30
572|118|0|0|0
573|317|12|0|0
574|500|53|0|36
575|696|49|0|35
576|751|77|0|59
577|75|1|0|0
578|161|3|0|0
579|250|42|0|0
580|559|27|0|0
581|474|138|0|0
582|118|1|0|0
583|240|14|0|0
584|404|9|0|2
585|561|48|0|6
586|670|110|0|6
587|687|114|0|8
588|107|6|0|0
589|190|11|0|0
590|265|31|0|0
591|324|52|0|0
592|523|42|10|0
593|523|42|10|0
594|99|0|0|0
595|201|1|0|0
596|294|4|58|58
597|391|4|57|57
598|604|22|54|54
599|604|22|54|53
600|144|0|0|0
601|288|0|0|0
602|505|25|0|0
603|669|11|0|0
604|811|50|0|0
605|792|79|0|60
606|96|5|0|0
607|260|5|0|0
608|485|12|0|30
609|664|11|0|64
610|873|11|0|0
611|873|11|0|0
612|76|0|0|40
613|243|7|0|40
614|355|17|0|40
615|466|27|0|40
616|634|85|4|40
617|548|109|0|230
618|135|0|0|0
619|279|1|0|0
620|433|61|0|20
621|607|77|0|35
622|724|84|0|16
623|72|1|0|0
624|195|2|0|0
625|354|45|0|0
626|450|67|0|0
627|518|77|0|0
628|762|32|0|0
629|152|1|0|0
630|305|4|0|0
631|586|35|0|32
632|866|58|0|24
633|1022|62|1|20
634|1228|29|0|0
635|101|0|0|0
636|228|3|0|0
637|388|10|0|0
638|423|66|0|0
639|618|78|0|0
640|100|0|0|0
641|209|2|0|0
642|372|2|0|0
643|500|32|1|36
644|603|56|36|34
645|603|56|36|34
646|224|3|0|0
647|470|12|0|0
648|816|46|0|0
649|997|65|1|0
650|1072|73|1|0
651|92|1|0|0
652|209|4|0|0
653|340|20|0|0
654|448|34|0|2
655|538|72|0|50
656|461|97|0|24
657|73|10|0|0
658|262|23|0|0
659|408|42|0|0
660|505|65|0|27
661|549|123|0|45
662|1105|48|0|4
663|213|0|0|0
664|482|15|0|0
665|648|24|0|0
666|686|69|0|0
667|785|37|0|0
668|810|21|0|0
669|91|5|0|0
670|298|35|0|0
671|527|92|0|0
672|617|87|0|0
673|775|69|0|0
674|764|81|0|5
675|107|1|0|0
676|479|10|0|0
677|652|13|0|2
678|853|19|0|2
679|829|46|0|14
680|121|6|0|0
681|259|12|0|0
682|491|49|0|0
683|578|76|0|14
684|713|83|0|18
685|562|124|0|78
686|82|2|0|0
687|145|8|0|0
688|305|62|0|0
689|421|67|0|0
690|558|35|0|22
691|137|1|0|0
692|299|12|0|0
693|392|52|0|0
694|529|62|0|0
695|462|145|0|0
696|989|40|0|0
697|105|1|0|0
698|218|1|0|0
699|377|57|0|0
700|521|71|0|2
701|559|90|19|32
702|595|71|19|77
703|119|0|0|0
704|229|0|0|0
705|491|52|0|46
706|622|61|0|48
707|675|117|0|58
708|697|113|0|58
709|91|0|0|0
710|175|0|0|0
711|371|41|0|0
712|437|54|0|0
713|645|88|0|0
714|98|2|0|0
715|205|0|0|0
716|368|0|0|0
717|486|65|0|0
718|581|90|0|0
719|587|84|0|0
720|95|1|0|0
721|232|1|0|0
722|333|44|0|0
723|419|47|0|16
724|586|53|0|19
725|623|52|0|47
726|120|0|0|0
727|193|0|0|0
728|391|7|0|0
729|502|15|0|0
730|592|70|0|0
731|125|2|0|0
732|227|6|0|0
733|439|32|0|0
734|730|53|0|71
735|842|137|0|28
736|410|172|0|0
737|80|0|0|0
738|164|2|0|0
739|327|9|0|0
740|430|19|0|39
741|524|40|0|43
742|149|1|0|0
743|475|5|0|0
744|731|29|0|0
745|938|32|0|0
746|1069|77|0|0
747|1082|45|0|59
748|90|2|0|0
749|206|4|0|0
750|308|9|0|0
751|407|19|0|0
752|477|103|0|6
753|149|11|0|0
754|328|13|0|0
755|614|49|0|44
756|678|67|0|0
757|772|64|0|53
758|189|17|0|0
759|374|70|0|0
760|711|83|0|0
761|931|102|0|0
762|1108|69|0|0
763|152|0|0|0
764|326|0|0|0
765|594|10|0|54
766|835|34|0|75
767|855|139|0|51
768|876|132|0|45
769|138|1|0|0
770|299|1|0|0
771|636|29|0|0
772|806|55|0|10
773|913|68|0|26
774|134|0|0|0
775|272|1|0|0
776|537|26|0|52
777|734|7|0|24
778|828|68|0|8
779|1024|33|0|2
780|123|3|0|0
781|255|31|0|0
782|528|31|0|0
783|662|53|0|0
784|737|65|4|0
785|98|1|0|0
786|336|32|0|0
787|449|134|0|0
788|586|136|0|0
789|729|84|0|0
790|734|85|0|77
791|145|0|0|0
792|290|0|0|0
793|550|15|0|0
794|782|15|0|0
795|932|69|0|0
796|915|32|0|0
797|891|93|0|0
798|175|5|0|0
799|345|64|0|0
800|743|69|0|8
801|801|101|0|0
802|954|111|1|0
803|107|0|0|0
804|221|10|0|0
805|400|17|0|0
806|482|56|0|0
807|636|70|7|3
808|650|86|7|24
809|132|2|0|0
810|312|12|0|0
811|536|53|0|0
812|675|44|0|24
813|782|75|0|1
814|109|15|0|0
815|375|60|0|0
816|432|117|0|28
817|559|117|0|11
818|610|112|39|15
819|114|2|0|3
820|274|10|0|4
821|478|74|1|4
822|633|71|0|67
823|773|84|0|67
824|891|78|0|99
825|125|3|0|0
826|452|16|0|0
827|639|19|0|0
828|753|43|1|38
829|835|114|0|51
830|173|0|0|0
831|341|5|0|0
832|640|41|0|66
833|840|27|0|60
834|1033|67|0|12
835|141|1|0|0
836|291|1|0|0
837|455|72|0|0
838|643|47|0|33
839|854|122|1|27
840|139|0|0|0
841|294|0|0|0
842|466|12|0|0
843|660|20|0|0
844|728|126|0|16
845|749|123|0|99
846|120|1|0|0
847|259|1|0|0
848|396|0|0|0
849|465|15|0|0
850|620|115|0|0
851|96|2|0|0
852|189|2|0|0
853|319|16|0|0
854|383|30|0|0
855|471|64|1|0
856|284|76|37|0
857|151|3|0|0
858|512|25|0|0
859|695|59|1|8
860|882|35|1|17
861|923|59|0|12
862|104|2|0|0
863|282|1|0|0
864|435|51|0|0
865|563|55|0|14
866|659|102|22|57
867|123|3|0|0
868|404|43|0|0
869|559|54|0|0
870|675|63|0|16
871|718|61|0|25
872|1293|57|0|0
873|1737|81|38|0
874|2183|112|6|114
875|2917|56|0|0
876|2498|134|14|64
877|1644|115|0|0
878|2027|115|0|179
879|2554|198|0|140
880|3616|76|0|2
881|3064|210|27|58
882|81|16|4|0
883|165|41|12|0
884|282|31|6|1
885|408|51|8|0
886|113|2|0|0
887|227|0|0|0
888|306|30|0|1
889|486|6|0|0
890|169|6|0|0
891|219|13|0|0
892|343|52|0|0
893|373|120|0|0
894|826|110|2|0
895|1034|186|37|89
896|141|8|0|0
897|275|112|6|26
898|430|126|11|20
899|440|239|10|110
900|232|27|10|0
901|354|20|12|7
902|503|46|10|0
903|814|20|6|0
904|150|22|0|0
905|326|28|0|1
906|529|20|0|0
907|702|22|0|0
908|820|52|4|4
909|1522|73|9|141
910|1559|74|5|141
911|92|28|0|0
912|227|44|0|1
913|413|78|0|93
914|646|45|1|0
915|761|26|6|10
916|109|19|0|0
917|222|37|2|10
918|400|48|7|24
919|134|16|0|0
920|271|12|1|0
921|424|7|0|1
922|531|30|0|0
923|582|30|0|0
924|689|46|12|0
925|800|33|16|10
926|282|59|8|0
927|597|77|6|1
928|777|137|0|0
929|814|149|6|92
930|851|43|1|4
931|1330|116|5|143
932|1512|74|7|141
933|287|50|5|7
934|576|52|5|55
935|1526|158|31|276
936|242|26|0|0
937|420|35|0|1
938|798|18|0|29
939|941|18|0|29
940|853|42|0|115
941|989|5|1|69
942|562|29|1|77
943|288|29|0|16
944|129|30|1|16
945|331|53|0|46
946|507|112|0|188
947|983|5|0|58
948|988|6|0|69
949|264|31|0|0
950|470|58|0|0
951|843|16|0|1
952|1000|20|2|0
953|1109|15|3|0
954|189|19|0|0
955|330|23|0|1
956|648|42|0|9
957|167|1|0|0
958|352|0|0|1
959|518|2|0|0
960|698|5|0|0
961|106|6|0|0
962|183|6|1|0
963|294|36|0|1
964|438|53|0|0
965|109|10|0|0
966|218|0|0|0
967|358|0|0|1
968|613|3|0|29
969|119|22|6|0
970|202|32|1|0
971|280|49|8|1
972|364|110|8|0
973|574|73|8|10
974|219|9|0|0
975|388|10|0|1
976|648|13|0|0
977|857|12|0|0
978|275|22|4|0
979|341|65|14|1
980|426|87|10|104
981|746|42|2|122
982|315|23|0|0
983|490|103|1|0
984|801|104|0|1
985|1172|122|0|8
986|1396|131|0|65
987|234|56|4|25
988|373|37|5|11
989|534|54|10|12
990|732|63|10|14
991|268|3|0|0
992|332|3|0|0
993|855|40|1|0
994|490|41|1|0
995|345|15|1|1
996|236|6|1|0
997|116|16|0|0
998|1115|33|10|0
999|291|73|5|0
1000|1315|40|21|0
1001|509|28|3|1
1002|173|4|0|0
1003|798|50|3|0
1004|524|48|2|0
1005|340|16|2|1
1006|219|19|0|0
1007|100|4|0|0
1008|471|37|0|55
1009|109|4|0|0
1010|183|5|2|0
1011|304|16|0|1
1012|343|27|2|0
1013|762|46|15|73
1014|88|0|0|0
1015|157|34|3|1
1016|275|71|2|1
1017|550|38|3|0
1018|560|94|2|13
1019|752|98|0|65
1020|444|75|0|68
1021|347|7|1|1
1022|151|8|0|0
1023|767|80|0|254
1024|109|6|0|0
1025|257|17|0|0
1026|422|29|0|3
1027|975|1|1|101
1028|588|47|5|0
1029|213|28|3|0
1030|68|1|1|0
1031|451|63|1|0
1032|367|22|4|1
1033|457|116|2|122
1034|401|59|4|4
1035|291|8|0|22
1036|140|2|0|0
1037|73|4|1|0
1038|645|25|2|98
1039|826|12|14|0
1040|394|23|1|52
1041|244|30|3|30
1042|92|10|0|16
1043|839|50|0|102
1044|238|33|2|0
1045|68|14|1|0
1046|46|1|0|0
1047|144|15|2|1
1048|328|30|0|0
1049|508|54|3|0
1050|365|7|2|1
1051|506|93|1|0
1052|228|1|2|0
1053|86|1|0|0
1054|631|69|1|4
1055|322|36|1|1
1056|141|14|1|0
1057|95|3|0|0
1058|946|98|1|38
1059|319|33|4|0
1060|393|41|2|0
1061|230|13|3|1
1062|113|6|2|0
1063|70|1|1|0
1064|555|40|3|12
1065|407|10|1|0
1066|265|2|1|1
1067|158|1|1|0
1068|61|0|0|0
1069|690|43|1|31
1070|494|54|15|0
1071|86|1|1|0
1072|176|14|1|0
1073|346|39|2|1
1074|776|29|1|24
1075|389|10|1|1
1076|267|9|3|0
1077|65|0|0|0
1078|650|10|0|0
1079|550|19|1|179
1080|615|61|0|207
1081|378|8|1|1
1082|251|41|3|0
1083|117|12|1|0
1084|547|111|2|0
1085|110|3|1|0
1086|242|9|0|0
1087|342|46|3|1
1088|397|37|3|0
1089|1027|39|0|201
1090|713|12|10|1
1091|429|21|1|102
1092|139|8|1|8
1093|63|0|0|0
1094|600|13|1|53
1095|343|41|1|1
1096|221|11|1|0
1097|97|1|1|0
1098|527|66|6|189
1099|122|20|4|2
1100|92|0|0|0
1101|397|48|5|88
1102|194|21|1|1
1103|393|23|3|0
1104|492|31|1|75
1105|185|21|1|0
1106|50|10|0|0
1107|625|31|2|156
1108|286|17|2|2
1109|603|90|1|167
1110|269|22|1|36
1111|450|49|3|43
1112|176|27|1|23
1113|82|9|0|0
1114|575|156|0|0
1115|545|105|1|2
1116|436|14|2|5
1117|320|24|1|0
1118|172|15|0|0
1119|412|83|0|0
1120|628|169|4|5
1121|850|281|4|17
1122|1158|197|8|16
1123|612|99|3|12
1124|952|150|3|78
1125|1223|140|3|47
1126|1447|124|3|84
1127|426|107|0|0
1128|708|168|4|19
1129|1006|253|0|31
1130|1325|216|1|16
1131|389|62|0|34
1132|566|121|0|37
1133|826|121|2|33
1134|682|108|4|6
1135|1206|152|4|22
1136|1467|178|4|63
1137|1746|97|8|8
1138|562|152|4|0
1139|1072|164|2|39
1140|1367|155|16|51
1141|1643|169|12|45
1142|449|215|0|0
1143|632|275|0|14
1144|846|237|0|14
1145|370|170|0|8
1146|618|177|0|0
1147|810|159|6|0
1148|453|109|0|0
1149|653|115|23|23
1150|839|93|24|47
1151|605|100|1|0
1152|820|140|4|51
1153|1083|195|4|77
1154|1261|204|16|56
1155|606|32|1|45
1156|464|16|1|0
1157|305|40|1|1
1158|175|11|2|0
1159|98|2|0|0
1160|79|1|1|0
1161|384|25|2|0
1162|499|50|2|25
1163|164|7|2|0
1164|276|7|2|1
1165|589|46|2|0
1166|498|34|1|0
1167|369|36|1|1
1168|247|15|1|0
1169|101|0|0|0
1170|387|51|3|27
1171|242|58|1|67
1172|255|31|1|1
1173|159|20|2|0
1174|56|0|0|0
1175|398|38|0|0
1176|286|6|1|1
1177|563|16|3|4
1178|214|12|1|0
1179|84|3|0|0
1180|336|47|5|149
1181|222|38|3|0
1182|162|15|3|1
1183|111|1|1|0
1184|63|2|0|0
1185|268|16|1|0
1186|202|18|0|1
1187|115|7|0|0
1188|74|0|0|0
1189|272|10|2|0
1190|627|50|3|84
1191|400|6|3|0
1192|302|16|0|1
1193|247|1|1|0
1194|100|1|1|0
1195|527|101|5|13
1196|370|42|2|0
1197|274|50|3|1
1198|270|20|1|0
1199|111|1|0|0
1200|601|27|1|53
1201|371|25|2|0
1202|307|9|0|1
1203|186|11|1|0
1204|94|0|0|0
1205|307|29|2|0
1206|482|10|2|63
1207|261|19|3|1
1208|158|11|3|0
1209|85|2|0|0
1210|740|62|2|39
1211|499|19|0|0
1212|386|5|3|1
1213|330|2|0|0
1214|109|0|0|0
1215|179|23|1|0
1216|274|29|2|1
1217|500|26|2|0
1218|799|68|0|32
1219|100|1|0|0
1220|223|100|0|0
1221|416|36|5|134
1222|261|32|4|1
1223|215|4|0|0
1224|66|0|0|0
1225|447|30|0|33
1226|279|33|2|0
1227|202|35|1|1
1228|138|23|2|0
1229|78|1|0|0
1230|621|16|16|36
1231|471|15|3|0
1232|273|48|4|1
1233|191|33|0|0
1234|89|1|0|0
1235|587|88|2|25
1236|458|49|3|0
1237|329|43|3|1
1238|241|5|3|0
1239|116|1|0|0
1240|475|46|1|24
1241|324|82|2|1
1242|232|38|2|0
1243|580|98|8|33
1244|102|0|0|0
1245|316|62|0|0
1246|321|146|1|3
1247|118|115|2|1
1248|128|33|0|0
1249|70|0|0|0
